2.000000000000000042e-03 8.249999999999999556e-01 1.729999999999999871e-01
2.999999999999999889e-02 8.030000000000000471e-01 1.670000000000000095e-01
0.000000000000000000e+00 6.820000000000000506e-01 3.180000000000000049e-01
7.799999999999999989e-02 6.340000000000000080e-01 2.869999999999999774e-01
4.299999999999999656e-02 9.409999999999999476e-01 1.600000000000000033e-02
9.199999999999999845e-02 7.229999999999999760e-01 1.849999999999999978e-01
1.400000000000000029e-02 8.840000000000000080e-01 1.019999999999999934e-01
6.300000000000000044e-02 6.959999999999999520e-01 2.409999999999999920e-01
8.799999999999999489e-02 6.879999999999999449e-01 2.240000000000000047e-01
2.000000000000000042e-02 7.109999999999999654e-01 2.690000000000000169e-01
3.599999999999999728e-02 7.930000000000000382e-01 1.710000000000000131e-01
6.000000000000000125e-03 8.549999999999999822e-01 1.390000000000000124e-01
6.000000000000000125e-03 8.020000000000000462e-01 1.920000000000000040e-01
1.700000000000000122e-02 9.330000000000000515e-01 5.000000000000000278e-02
2.100000000000000130e-02 7.169999999999999707e-01 2.620000000000000107e-01
