1.799999999999999864e-02 2.959999999999999853e-01 6.860000000000000542e-01
6.900000000000000577e-02 9.120000000000000329e-01 1.899999999999999953e-02
7.000000000000000146e-03 6.899999999999999467e-01 3.029999999999999916e-01
4.499999999999999833e-02 6.440000000000000169e-01 3.109999999999999987e-01
1.000000000000000021e-02 9.759999999999999787e-01 1.400000000000000029e-02
2.000000000000000042e-03 9.489999999999999547e-01 4.900000000000000189e-02
4.900000000000000189e-02 9.020000000000000240e-01 4.900000000000000189e-02
2.000000000000000042e-03 6.959999999999999520e-01 3.019999999999999907e-01
8.899999999999999578e-02 6.019999999999999796e-01 3.089999999999999969e-01
1.000000000000000021e-02 8.259999999999999565e-01 1.640000000000000069e-01
7.299999999999999545e-02 5.959999999999999742e-01 3.310000000000000164e-01
7.099999999999999367e-02 7.670000000000000151e-01 1.620000000000000051e-01
1.000000000000000021e-03 7.169999999999999707e-01 2.819999999999999729e-01
2.199999999999999872e-02 7.590000000000000080e-01 2.190000000000000002e-01
8.400000000000000522e-02 9.140000000000000346e-01 2.000000000000000042e-03
