5.099999999999999672e-02 6.640000000000000346e-01 2.849999999999999756e-01
1.299999999999999940e-02 7.520000000000000018e-01 2.349999999999999867e-01
5.000000000000000104e-03 9.869999999999999885e-01 7.000000000000000146e-03
3.200000000000000067e-02 9.669999999999999707e-01 1.000000000000000021e-03
7.399999999999999634e-02 9.190000000000000391e-01 7.000000000000000146e-03
2.299999999999999961e-02 5.679999999999999494e-01 4.089999999999999747e-01
1.499999999999999944e-02 7.229999999999999760e-01 2.620000000000000107e-01
3.799999999999999906e-02 9.529999999999999583e-01 8.999999999999999320e-03
3.000000000000000062e-03 7.329999999999999849e-01 2.640000000000000124e-01
3.899999999999999994e-02 9.609999999999999654e-01 0.000000000000000000e+00
2.199999999999999872e-02 7.029999999999999583e-01 2.750000000000000222e-01
1.499999999999999944e-02 6.239999999999999991e-01 3.609999999999999876e-01
5.399999999999999939e-02 6.059999999999999831e-01 3.400000000000000244e-01
4.000000000000000083e-03 9.959999999999999964e-01 0.000000000000000000e+00
1.000000000000000021e-02 6.079999999999999849e-01 3.820000000000000062e-01
