8.000000000000000167e-02 8.539999999999999813e-01 6.600000000000000311e-02
1.000000000000000021e-03 9.499999999999999556e-01 4.900000000000000189e-02
2.000000000000000042e-03 9.899999999999999911e-01 8.000000000000000167e-03
1.000000000000000056e-01 8.179999999999999494e-01 8.200000000000000344e-02
5.099999999999999672e-02 6.270000000000000018e-01 3.220000000000000084e-01
5.000000000000000104e-03 8.329999999999999627e-01 1.620000000000000051e-01
5.999999999999999778e-02 7.479999999999999982e-01 1.920000000000000040e-01
3.599999999999999728e-02 4.839999999999999858e-01 4.799999999999999822e-01
4.900000000000000189e-02 9.010000000000000231e-01 5.000000000000000278e-02
2.000000000000000042e-03 3.559999999999999831e-01 6.410000000000000142e-01
4.100000000000000172e-02 4.799999999999999822e-01 4.789999999999999813e-01
8.999999999999999320e-03 5.160000000000000142e-01 4.749999999999999778e-01
8.000000000000000167e-03 7.630000000000000115e-01 2.290000000000000091e-01
1.099999999999999936e-02 9.789999999999999813e-01 1.000000000000000021e-02
5.700000000000000205e-02 9.409999999999999476e-01 2.000000000000000042e-03
