5.000000000000000278e-02 7.179999999999999716e-01 2.330000000000000127e-01
1.000000000000000021e-03 9.050000000000000266e-01 9.400000000000000022e-02
3.099999999999999978e-02 4.460000000000000075e-01 5.230000000000000204e-01
2.800000000000000058e-02 8.589999999999999858e-01 1.130000000000000032e-01
6.700000000000000400e-02 9.330000000000000515e-01 0.000000000000000000e+00
4.200000000000000261e-02 8.649999999999999911e-01 9.299999999999999933e-02
8.100000000000000255e-02 6.370000000000000107e-01 2.819999999999999729e-01
2.000000000000000042e-03 8.449999999999999734e-01 1.529999999999999971e-01
5.199999999999999761e-02 8.810000000000000053e-01 6.700000000000000400e-02
8.999999999999999320e-03 8.539999999999999813e-01 1.370000000000000107e-01
2.800000000000000058e-02 7.560000000000000053e-01 2.159999999999999976e-01
9.700000000000000289e-02 6.830000000000000515e-01 2.200000000000000011e-01
1.799999999999999864e-02 6.530000000000000249e-01 3.290000000000000147e-01
5.700000000000000205e-02 7.740000000000000213e-01 1.690000000000000113e-01
3.899999999999999994e-02 5.450000000000000400e-01 4.159999999999999809e-01
