6.900000000000000577e-02 5.849999999999999645e-01 3.459999999999999742e-01
7.000000000000000666e-02 8.439999999999999725e-01 8.599999999999999312e-02
2.000000000000000042e-03 9.979999999999999982e-01 0.000000000000000000e+00
3.300000000000000155e-02 9.340000000000000524e-01 3.300000000000000155e-02
7.299999999999999545e-02 9.270000000000000462e-01 0.000000000000000000e+00
6.000000000000000125e-03 9.389999999999999458e-01 5.500000000000000028e-02
2.900000000000000147e-02 9.709999999999999742e-01 0.000000000000000000e+00
7.000000000000000146e-03 9.619999999999999662e-01 2.999999999999999889e-02
7.000000000000000146e-03 7.860000000000000320e-01 2.069999999999999896e-01
5.000000000000000104e-03 9.200000000000000400e-01 7.499999999999999722e-02
4.100000000000000172e-02 6.740000000000000435e-01 2.849999999999999756e-01
8.999999999999999667e-02 9.100000000000000311e-01 0.000000000000000000e+00
4.900000000000000189e-02 9.509999999999999565e-01 0.000000000000000000e+00
6.600000000000000311e-02 9.340000000000000524e-01 0.000000000000000000e+00
5.000000000000000104e-03 7.179999999999999716e-01 2.770000000000000240e-01
